374 1
371 1
370 1
375 1
373 1
372 1
363 1
357 1
229 1
168 1
361 1
362 1
105 1
13 1
162 1
313 1
2 1
188 1
194 1
236 1
241 1
104 1
137 1
138 1
285 1
368 2
367 2
365 2
369 2
364 2
366 2
377 2
376 2
378 2
380 2
353 2
355 2
99 2
140 2
354 2
185 2
193 2
40 2
136 2
284 2
315 2
316 2
234 3
385 3
384 3
250 3
152 3
124 3
326 3
329 3
305 3
74 3
91 3
274 3
351 3
280 3
66 3
221 3
6 3
111 3
183 3
261 3
230 3
96 3
360 3
195 3
86 3
314 3
233 4
238 4
153 4
149 4
28 4
5 4
159 4
118 4
116 4
186 4
328 4
22 4
44 4
309 4
382 4
121 5
237 5
19 5
331 5
155 5
197 5
101 5
167 5
10 5
114 5
142 5
156 5
57 5
381 5
187 5
18 6
145 6
228 6
330 6
161 6
203 6
130 6
110 6
262 6
3 6
52 6
176 6
383 6
125 7
240 7
21 7
306 7
39 7
231 7
198 7
150 7
171 7
51 7
158 7
9 7
119 7
100 7
379 7
252 8
340 8
120 8
20 8
232 8
179 8
32 8
56 8
7 8
85 8
253 9
191 9
144 9
127 9
103 9
201 9
178 9
48 9
64 9
27 9
175 9
211 9
339 10
123 10
180 10
50 10
35 10
71 10
200 10
323 10
302 10
160 10
106 10
327 10
30 11
151 11
154 11
128 11
16 11
98 11
62 11
276 11
282 11
170 11
226 11
33 11
115 11
117 11
235 11
141 11
251 12
122 12
242 12
81 12
78 12
92 12
287 12
342 12
59 12
345 12
163 12
108 12
246 13
143 13
126 13
295 13
34 13
318 13
202 13
109 13
172 13
14 13
87 14
75 14
37 14
189 14
325 14
348 14
97 14
245 14
269 14
290 14
222 14
208 14
112 14
249 15
83 15
38 15
321 15
281 15
275 15
277 15
94 15
4 15
132 15
356 16
247 16
46 16
319 16
70 16
49 16
93 16
190 16
67 16
271 16
267 16
289 16
157 16
134 16
8 16
84 17
254 17
192 17
79 17
43 17
199 17
23 17
164 17
227 17
133 17
255 18
239 18
129 18
334 18
243 18
279 18
65 18
337 18
54 18
265 18
301 19
89 19
311 19
31 19
61 19
324 19
135 19
308 20
88 20
77 20
223 20
47 20
60 20
320 20
268 20
343 20
219 20
288 20
213 20
346 20
107 20
174 20
148 21
307 21
258 21
17 21
266 21
131 21
286 21
350 21
24 21
72 22
42 22
206 22
336 22
272 22
278 22
333 22
80 22
352 22
210 22
102 22
317 22
113 22
293 23
90 23
248 23
36 23
95 23
260 23
291 23
341 23
58 23
344 23
184 23
207 23
349 24
310 24
259 24
296 24
76 24
45 24
273 24
218 24
146 24
322 24
292 25
304 25
12 25
182 25
68 25
216 25
26 25
263 25
214 26
297 26
82 26
177 26
196 26
41 26
15 26
209 26
1 26
55 26
359 26
169 27
298 27
335 27
147 27
224 27
332 27
69 27
204 27
270 27
215 28
299 28
73 28
225 28
205 28
25 28
283 28
173 28
300 29
303 29
338 29
264 29
181 29
217 29
63 29
165 29
220 29
139 29
53 29
294 30
244 30
347 30
312 30
11 30
29 31
257 31
166 31
256 32
212 32
358 32
