57 1
368 1
86 1
118 1
132 1
194 1
183 1
355 1
168 1
187 1
158 1
290 2
318 2
218 2
34 2
48 2
172 2
119 2
33 3
316 3
12 3
195 3
297 3
357 3
237 3
135 3
28 4
24 4
199 4
142 4
91 4
333 4
164 5
77 5
61 5
36 5
207 5
2 5
6 6
235 6
245 6
306 6
379 6
314 6
210 7
243 7
40 7
337 7
141 7
66 8
165 8
162 8
62 8
359 8
136 8
70 9
282 9
150 9
100 9
16 9
188 9
354 9
137 10
178 10
23 10
293 10
382 10
144 10
206 10
259 11
360 11
32 11
335 11
85 11
27 11
284 11
309 11
64 12
169 12
22 12
148 12
331 13
323 13
157 13
298 13
180 14
372 14
185 14
299 14
41 15
80 15
320 15
346 15
73 15
37 16
361 16
190 16
193 16
156 16
263 16
108 16
60 17
227 17
9 17
131 17
93 17
96 18
184 18
376 18
3 18
139 19
213 19
275 19
163 19
94 19
327 20
197 20
380 20
176 20
204 20
220 20
236 20
349 20
315 21
250 21
384 21
261 21
29 21
110 21
321 22
113 22
191 22
353 22
133 22
378 22
234 23
147 23
15 23
230 23
104 23
341 24
138 24
58 24
296 24
84 24
219 25
159 25
68 25
222 25
186 25
370 26
25 26
14 26
332 26
383 26
283 27
97 27
301 27
211 27
325 27
285 27
13 28
106 28
338 28
120 28
130 29
146 29
35 29
79 29
105 29
170 29
342 29
362 30
241 30
277 30
240 31
122 31
255 31
99 32
328 32
