1 1
2 1
3 1
4 1
5 1
6 5
7 3
8 6
9 1
10 2
11 1
12 2
13 2
14 1
15 1
16 1
17 1
18 4
19 1
20 6
21 1
22 2
23 1
24 1
25 1
26 1
27 2
28 6
29 8
30 1
31 1
32 5
33 2
34 2
35 1
36 8
37 1
38 2
39 1
40 3
41 1
42 1
43 1
44 5
45 6
46 1
47 1
48 1
49 2
50 2
51 1
52 2
53 9
54 8
55 2
56 1
57 11
58 6
59 1
60 1
61 8
62 2
63 1
64 9
65 1
66 1
67 1
68 2
69 8
70 4
71 1
72 7
73 1
74 11
75 1
76 2
77 2
78 10
79 5
80 1
81 10
82 1
83 6
84 2
85 1
86 1
87 1
88 1
89 3
90 2
91 1
92 9
93 1
94 1
95 3
96 1
97 7
98 1
99 7
100 5
101 3
102 1
103 1
104 1
105 1
106 1
107 1
108 6
109 4
110 1
111 1
112 4
113 1
114 1
115 5
116 6
117 5
118 2
119 1
120 1
121 1
122 2
123 5
124 2
125 1
126 7
127 2
128 1
129 1
130 7
131 4
132 1
133 3
134 2
135 9
136 2
137 1
138 5
